883802221129
05768
540822347289
5051056
0210002022201011013
1410415325018
00221213
50645073304147758
330122035
1200313012157
100013
5016
105422303368
00304020136
114203543026
6529
002333420004012046
3122212002121332224
62215023323321214447
00111110010112
1314
737066241789
711278
11111023031321034
10133033212033234
10111110011111112
20102121001012213
002303341215
02112000213
612630240227
722777358
021571056627668
1343504445430403556
0133225
231210232135
565620153025241447
02131402224025
133433310236
2114153526
01001110111112
141845260428575719
4118
3143351120156
102201002022013
3088249
1441057767172161589
003400134322453546
445644022427
303122042045
1000010111110112
221200023
12140303025
588011834589
50762501077658
1011100010112
05161502602517
210121011112111113
1011110000001101112
01001012
37346033417766066428
43261647
03146
1112
5618
21011122123
0222022021023
022113
102314
54061267
22123
21510156
32200221220213220224
462121417
77603627158
01612257
000110001100011012
5041552444606228
11527
11200000221220213
567047620215048
2223
41333051556
2113
0110101112
4326
113022014
1010110101112
00015445204040327
774036443002679
2125261511007878079
20343125
241222515116
15155113343431232046
2031334
22223
4026312074332151628
3238
1012
11333210213314
12283615659
112020023
1441347
277627779
0043335
6412185030488346619
032440047665610268
11100012
000021011023
002200020123
031041045
221303325
55632005621533327
03120020332103034
441303314311032435
133310114
2112000200212210213
21223
224243138
2454451255045130346
40156453623100546667
32322115
301203514521413036
21416
162606365206465417
211113110322133214
041619
65663577007448
36118
300453617
011112
01012
20104445
3101138423258879
3332310020301024
0111112
171164450721457018
02013
224105524343351026
567719
245328
1101012
0112
21010001221112123
01541346365624543267
100101121212212113
052235417
2150045422316567
13432431144110425
100010001000101112
11112122001122022113
7627200870029
10000001012
7371311616448074779
400123437636148
47860279
7025459
1011112
2327
11022140242315
110220124
0144756117033348
717460468207869
2111113
0118
1685721443813802659
40130044351355016
0337856629
121211123
32125
021012331334
000012
21102001120011211213
2131200024
55335226
22012333014
1015526
00011111000000112
20113443333120241215
1133133334
4424005015510556
14086349
21015100211052005346
532330110452268
3411223359
02212321203331124
02114
345511440150546
124337
0000000111111112
100116
50500513346
3017
35325416
1111000010100100012
2123
17551518
0001001012
273431201464158
56124353367344652468
012213
01131045
1112
1112
11110001110112
03555457
5623201433324117
0120110201013
007453186116059
00010112
10120031035336
01254759
443002220233125
3079
120432355256
0423214404123424015
33012114
16717176713024315748
465045114126437
11001000011010100112
10224231634421467
1223031332324
010000012
00130441230231042015
48382007879
4656233101604367
43324122035
13023230114
22213
0412135
01423403013023215
1012
222202002100111223
01001000110112
0110212212000122213
1110201210223
2152362141327
0010001000112
1213121414420141215
6123611001027
04267
235617745268
31242336
3389
202032220300124245
404325
231315
43034214225
1001001001012
2200303022114
1664420543455353337
75473774879
4642523237
1314
2241658
10011111012
143044457
00000010101000000112
113415
3341411431004315
1838320426467076749
50100316
231013003003214
32111035
6634233263771048
2011102113
1112
036623014357
201234
50500532556
012220322314
353543255410402426
0012245
150151011216
15430221533036
2350432440654452569
21010123
0110101001000112
10112
66337753058
83180857405455329
02671662774874449
30215
112220212223
1122444550550343416
0211122014
6488206784722167519
124141647
1340155150051126
4022553522103016
04677385244515817659
00011200212011013
1266770470230452748
350516
1123
561031647
3140220044011225
102220222020201213
0116
3114
022013
35501340033278
8124324232179
0131655467859
01110101012
35101026444633467
4215534125436
10110112
333110210113034
0022021221201002223
704146513428
43120416
4046
36512330328
23121041415
6078
10012
1001111112
01430120125
25517
43011212022516
4012467
1113
57329
4061103027
706245245540538
5506057
31210014
233024211305326
01222231014
04148
01152410418149
573554426353686649
2042315
6511529
25118
1011001011012
5866079
5158
100011123
2102002110113
26670349
20440002140316
10101002113
5251670018
471527671212037268
321546630667428
0000011331244345
030231322120214
00023
02113413432140133315
4020215
4025023425436
01221113
41101326
12455505454453116
4415
000012
4531054551021046
1101100100010012
17486233059
11002222201011110023
054351652513268
02536
121032100234
13034
64415636400716618
577567421037429
1011123
321014404425
11122244411343015
6758
02331311033011310314
4344535316
202221010213
2221011220432440335
10112
221301111130210334
543164533047
2303123211315
6173012232618
5233130217
0234
346320550115352567
783029
15423457
56233378
3859
1123510304153026
04401222404336
36406579
10212000221123
1325042130241536
02224
5216
513131355634017
10637
302234312033400435
0110110111111012
1300001302314
60285711586119
1433119
0245
0110100012
11012
2403052431446
5526
463313631242032457
1424152325456
311023314
1020200022023
1112
10012
14113244401031335336
12126512343255241247
10223
42027734561141269
01000101001112
1202223
3135
01012102223
1112223
025378
2202324
30334
2222211213
013111312321334
13211131113022010224
11202110021200012113
0000010000112
40102042226
22222223
5030576011548
32213233014
1323610217
025225556
875045330649
01234
26237
30143125
17113066274357038
577125244200631018
4848056882571403349
2374140536175248
310434045
1011000221221223
133416
851729
2020321231132212334
224433043043400516
23457041747343350728
10289
00000303224
5443313543641337
3045
00101011101101111213
05400553234336
4156516361883525049
1012222111112113
4245
40223501305322416
11535502432222204416
4754347776518279
3322222245
2600400213367
0242445
10012
326347
216550460122458
867263082376602849
401143110204145
0120244410244445
1012
224135521436
00212021221122211013
043317051004758
23563283619
002201201113
1001111000012
330012100114
21011320022030301134
164746875526423429
10252501515526
11012
0224215
581569
756158
1652579
31131211230221014
02423337
01222222210021011113
42102143336
060434341413327
22231001034
4257
47668327825610569
50202056
2441565659
2332234
02210223
044141404021125
10111010001111012
5200504151456
3134131344254026
12220013
44254516
514402226
08779
5423751171158
1112
20100101023
563524034416504347
02311214734760438
3426
0005412554263457
12322331224
0011111012
0434431103101043435
243342202310315
133330222330220014
444215110220326
111101001010012
3177402718
3262432528
122103045
10000000011012
001110022223
66115575626644428
20212221010213
1100020223
222030003300334
3121642189
01010110111011112
6214562344513017
11110000100000111112
1111010011100112
11504136
101001012
010150005154423346
83502089
71151064761269
10000011012
535431456
52541663123037
2204231031143325
2130415
000023
0636432522431178
11220201221213
4236360060305517
00026065047
34246
033014
115003140624517568
0155641504254037
436327205072768889
851205032035869
263265421057
6243224527
53223641201044217
703529
454750538
2069
52422137
00112
41526
726561468
36506310306137
8575788854614652579
021256
111102202021112113
1002210110113
2120023
462057
015204667
110110110110012
01220432504556310117
2022002113
0221230231330324
33202214
334222235
022034
120210223
65811059
32126177532256570839
1027
43218414412519
0011223
1461446257
38289
011010011111101112
65621649
452111010316
530027
230425
4231532133105212256
13023550012100205456
52420076664631237418
10112211000023
233256
14041334030320024225
1213
214356
215143220026
3500223225121433667
21315
321403055016
110012
3010214
55331012112356
0231232040302141325
4182173389
514115026
33163633657
0224
22215115527649
521646128862234059
2022122010113
0112115426
101111011001012
11110221111013
331141000010233326
52642128
6120504051203067
34668
62402501547
3287889
6302512101014567
0774633429
340411025
01300402121304345
30020374708789
01220101112014
8180262589
8759
1334
00110211012200101023
10000000111001001112
4354051046
307232228
01445
73682572549
435522342226
12123313103322132124
5035034203455122526
13410321226
24021533040441130156
0216563143657
41168
23201263004614465267
4871369
2124102121125
0001001100100012
11000010100000001112
01101010100112
343504110126
253201650321331357
2232413404035
0003211245
11400422456
011100110001010112
0010010101112
010213
62367455083035376279
52303321410416
14402216
00011110010001100112
5222452456557
12122113
31410223002115
21346
32556
35540451410146
22121113
012111324
101000012
62446543033142612147
2322123232013221324
1405332434136
331222234
0010010100000111012
0321435
652442788555278549
2163161546505506047
1015
101110022223
4133664259
0620215530222537
120033123314
4103468
6457
406433331658
02425
2231135
11281081046359
21101013
0010100012
0013
5226
223210334
6613234345012467
56431539
035556
23540115336
4221425
1378460380545616729
000110011012
4706037721228
11211101211023
21505447
3114612606401005617
131310203122124
526764170148
10101111000012
11111012
7701468746336189
0000010000110100112
34144414110135
23206667
443778
54426
20405246
4404143305030336
05350445556015062467
86103874412318369
33320243102212324015
10102210212023
001122021221013
30035
2116
25340460889
10011112
001000110012
4130020035
23527
0011111112
023513760448
211102011210013
42311151121302018
0101110012
755711458
003616732636044018
11647
16034705230476458
0430637140628
0301155341336
3644147
0110112
1112021102020023
02103302033131124
213470225282729
3302331132233214
436735138
1332110034
0536525168
636443529
0001110001110100112
554235523003513326
2601346260217
434414101420315
2210012221123
42466524115112065267
461367
021123
0214
1211110211013
021222221113
1023
114124116
7639
002223
115065071302110049
71450354350441623248
32124344101232001135
111200123
0320032124
07568
01013
56314131045167318
32111241045
5311256
663426540337
6653517
030221230402314215
303203023224
004212440435
043240345
0063643205460233517
011110100110010012
0369
4454229
0001110000110111112
01200044445
102123
330300212210314
01417
11110101110010110012
514157731564063879
21012020010113
4411125104041116
5236
8712350641724134589
4325
3002423314035
46784889
4070689
48534124330188036539
3203121325
1238
55271456073452144438
4233511511124256
6617142753174064248
01200221121202113
2000013134
324121313002121245
470746748
400022234330341145
110220223334
33045304540337
10000010100101112
20633326634441417
2002201223
0331215
2310314
65102311012427
14332225
02835706427139
470150232535067248
55526
35410424538
044135
4627
450418
11102213
2111222123
44451232323505316
4321263657
562519
2253220456
05654056651022566027
2575163753565648
42676250603018
1133116
00211201110113
1010001100110112
20021111012102200123
03110415
01254124400451346
434247617176159
248527778729
64775452182018047249
2230313310233314
01010210210012122123
3323231034
332314
12011200020102223
162237
3024025104136
46678
6752240632567572229
214256
1100000011110112
1024
00231526
1111112
00333674528
3771748
316360774345774569
5005637
10012
1435
66656311038
20020200011123
11114026
2001133122201210114
3030112001220324
0100112
434516
65446815103689
743004685129
023021014
0001243242215
146225536647
52530289
11002123
400105350414256
632562157
2120136
34556
06512347
5658
4326
4304768
412422112315
4405642326210427
12604127
565689
0536
042349
6737521306645628
3004342411340135
24110053152126
1212013
60137
35655153115056617
142615332427
311132324
01101101010110110112
2212223
52201032410510222156
2613178
1303332111310033024
11022020123
3558
33134
0111110012
22112223
235347
16006354604245147
002241226
10120314
00110110112
315541550540637
2101102420244003245
4043882449
30329
02003235
2210001100213
34256157
5312347504729
0433432132115
1331524520520545216
1021123
1212241204001045
2001001020111222123
01012
502445152116
6062706778
10726778
0212110110223
301330334
401211313000431445
168244007351765639
14402202312010456
23022002014
402424241413012225
0234335
02641035243527
211330034
25252256
00201112221123
032213312214
450405404322015556
87230122269
00001000111012
4421001444320132335
64505302235067
27751451765478
121012122122023
115270204215229
536430052652134458
0110012
11000324
1022147
00100001011100111012
3321404047
3302222202014
01000000101110112
0135
111101101012
20223
74640046341368
18803742262515787029
0101001110223
4423215
323313011334
0102121012000013
124301331344344435
435236550157
001112
75152655334779
3234231424135
00024400444413335
66251562278
63447
5326
400514246
235001423330465337
043103624158
000101101110011012
4558722463379
021111223
011210202113
532505024546
33201212010034
1010100001011100112
258408345447675289
4130325
054316
200256
146567
