211211113
2315666852619
0303044425
75839
852579
33326456220505357
552341647454526518
137155307506178
411336
00000010012113
112424147
3323301023002324
110303224
21212103234
05634136451105451117
111000110000012
513626044235237
31232134
36314348
44501588384873759
000314
1337
00010011012
23513014516
130556314417
0203440236
523515124420356
0838777417079
520137
30220333211145
0311133111012114
0011000112
3021112133130124
5751779
13444051516416057
0002000156
01012110210120211013
523521450432043536
3323203033032102114
23343304333114325
00211201123
01001100110100012
38477775837766829
12731141747721738
2230441133202334445
0638
01110110211111120213
00102202330111310314
5367
100101000000011112
3045231336
230312320315
0634514666252557
1110100100000012
0202213
2249
7046077641727618
0401254234555405456
55456
861471230879
320011212224
74515401318
101102013
210404447
41334442434023232025
2425
010221101113
2223
1011012
11102032210144420045
604337
625323117
100000010011100112
13233233214
4550400332252056
21110020213
31020303123023333034
231221100220224
1321522102268
104115
30231130131224
3263112134225567
110000112
212343312022014125
01030200012232302034
0000000112
400273272732028
553010311454347
1310022202131334
0032124
24541155355053353036
53426
505626424113551058
032300100232224
100210100220113
0225251016
21652712044358
113310132020322335
635524064170424318
6517
300241005357
74635206516537064018
33010300323124
0200202002020023
100221001201023
1201202202211223
2301210045
2213404317
36441464450267
012211000001013
1761252671447419
0011202021111223
537022280119
7302454782369
11110111010112
115031425047
66312129
2116
0201404325037
352253016
0110011011111001012
21012012121012223
316265531437
12221221125
00010011101110012
20111210213
204326646657
47731158621428338679
04042445
23115475760558
0132211335
43766269
102002212223
011020021120213
340053372248
63487178683529
312331100114
111112
024412244343001335
110011011112
0050067340541048
1011010112
10100112
3212112033100224
6401601314167
2112220023
057517430538
380553621013219
24355567
1356406055537
003051226
0132143441203324225
0213
32013120243002025
75879
2203320213022310034
2013010224001204415
111000110010112
1300221330014
764678
83079
2101123
51252239
1101000101112
23372218
5580185220478363279
013214
10111010000112
714178
531100412546057
3518
3334042145336
0001001110112
00204459
001220101201223
12223103224
1754729
01112
2200011022221201123
1101110110100012
104635564447
33441444315
2484271808675369
1000122010102213
1112
43686086619
213533142343556
11022301012223334
2338
10010101100000012
201012011022213
340014135
8745245358855269
44421103225
613252615718
11313231114
041422112201215
0349
53710652042848142459
314142331022313445
102244053563022457
065736738
4302216650530526317
2212022132300334
0881119
222132344045
4241342344015
6600125038
1015246112515057
222212114
102333114325
28508335211710147529
1110216
3430126
11223
441314410233035
20020222220223
0404013413226
34124026
11034
2120314
3201104013443122435
35026
0111001022112223
20124233043010345
2011324834189
22223
2431156
0012
1111012
10001100100100000012
0705318203539
20310234
1110012
4335
732414278
412325
442140143236
3315
23405422422356
32020100134
0075456656519
02123
1144123211444232125
211213052543546
02011100111113
446620057
8447028816524864279
112236554365248
112200201201113
2322231330125
1001010101010112
52006271318
55010516
36311456157
100110021020211123
44510231123552045446
0112
244018869
2233231102014
42356
2112012013
400221253326
2502253335145133226
22012123
7710460478168549
60257
2320002011133034
1001101101012
00000012
3211546224411205547
2059
2240446
03503167
0101210214
01000000012
2234
100101023
0112
100000110112
341144345
40453655643653305267
4113324403435
423002313410145
03255155266557
23253516
4123250001230431326
30300322202211314
212021013
30232224
2044310034344325
113101234
33465214411636623347
124012035
02232234
06124314031146002547
010012
310333014
00438
5014648
100001112
082706741346769
1230314
10121100220013
040210233426
1462025054456527
3210010201302221014
3415
0226
3303230013203425
532428
103321756513048
213224
1624027
0313321333124
1133202333234
44625156617
1010001112
0022102110020123
103244114425
10010110010110101012
5631403652547
11011112
1012021302020234
750788278245800729
224010423325
02121010212200013
033124
37619
23323221333301114
1231422314025
0100010001101110112
46334600103616467
213200212234
110404404435
605138
353215546158539
5320457
111011111010012
1220213
02240023313243311356
10101101110011112
2220213
102212213
0111110112
180089
30322012034403015
3133020345
0211001200123
35425252036
5213137
6713550545479
2221421415
10010012
143420041235
021012020322324
4104433425
0626604653427
03332224
1502611228
00320346
23300114
07465027728
110000000111112
200325
01300443221232445
7518
20323033031324
232100323024
10111220223
0341332022401244135
032302330100303134
404020263378
00001112
420045
111221212213
466152606242478
4024116
0771022303662577768
313332650157
2242051025523202456
4413536
71868114029
021224
1100010101012
0100101101111011112
1122210120201214
436216028
1122021002023
10123
102220013
1535400252310426037
11010110001110001012
01213
2300114
0289
27549
17270250000568
74415424548
1050121412423436
0100110012
6039
40414225354236
111303221224
202313212000124
000000111101000012
03789
153444111265745238
132332372460068
1242032331114341125
235306667
0010011101100000012
421457
6068
30535127
110001010011010012
5115517220722464578
26455129
010123024
1000210000212122113
0025510044131246
1000121123310310034
3314225
6455761713268
4033613563147
1100101010111112
312012021210311234
53325151322412037
423023145
6263018
10132112111324
2075773442704348
7634445748
304126
7547317132318
354801862467359
00102023
33375106730018
3457
220122320334
322000442244110445
164564657
311132124
1101100011012
00000556
125123454510525436
121123
0012001023
0110468169
05616734747415479
1410648
04338
022000012020021213
045236
100001112
2121213
2343101023225
501056
001140215
11324
01140221145
251043416
06412678
00010101011110111112
2430323114445
31422403035
25032645147
618049
4345050505456
5561385258249
00012
20243527
0132445
15451879
265113031657
331501036
62469
530352041465201067
252104211116
010210101121023
11243414445
12142126023227
53263682540472619
345406502179
16753656631605558
2210102034
50114738
3089
8219
04124431207463819
1110010112
0110330101024
1278005449
63252313359
01100111111012
4304222004415
2115
6483568012029
235229
1222000113
110010010101012
202011002331202224
4404435
5108085489
0111112
21223
56637
3044302210245
1135
45156310327
02310331224
100111011112
220224
62020426241464601027
20121202102102212123
31165424611261547
44403660638
0100012
01110001101001111112
40426
132120003024
31324241320132145
11000123321010334
1301023202222121334
2301004482235519
66575550600720370218
086654860544224889
44345
01100001000001112
357246428
30456503216811138849
000111001010110223
044124025
54738
4034704135442142618
220133013014
303123314
231324
110100100000012
12220023
4770230622764578
52546647
2343534335056
1217739
20331223024
1200121121001023
46375577338
030112122231124
133333130200334
424521032021005146
11101101011201023
7142405376070059
121021023
22201022220021110213
44311044335
42403040311415
133034
100100000110110112
243244201233344215
001210003123114
301111134
2775615522118
004342250546
10230302223041240435
4011324515313326
00575113641748
0403423610011157
2165117
0011122013
25547
22316
01214135532201150416
2223222044435
25718281136239
1023
100112
03030738
26204155241057
60357
4234215
55628
5447469
14129
7165616451278
65130033050627
0003240041040224045
32125054042254554236
11233114
1230203301222203034
56237
010033200110014
107411619
321025727534819
55451443210356
010011011100011112
621623340547
21022133320423025
20134234121320235
1467
122010210011113
21156
43154216
22458
505012005031244117
548368217446461259
7256871789
223034
02431189
10220211013
4317362285349
1411314131015
4037
100101011111112
68826355319
04456
010011010112
1134323011030103025
3030114
4445
002000121200113
3335
0331322435
012310032334
110010112
201030114
1311111034
270234278
011100011011000112
11325
001232330401235
21141250335550236
20022322300324
1011012
5312056
71353274174478
20013332312334
0103220136
0002315
3120331334
313032542351016
103224102101401225
503004226
247469
13152421304332036
2326
023134
220123
74017028
0111100010110100112
30013221100022324
3003025
100000001101000012
420115
222344115426
5160144453147
5167
453606625641116327
63540036238
0111200013
01012021021022113
46370663760673578
323421402415
020310320245
0030204220332245
10113
3001204320300145
15233402702568
010000011011001112
2200213
4648
1224445
1012223
0001100100010012
75834304233259
1143241215
041121404364330627
4445144421602267
15484689
8464402243010079
0022012123
325230050556257
111022113
0121122021012223
133213213133214
2001243242032232315
3036
30301000020024
14611372637208769
44211102504116
510457
6608850416778339
100000001012
27004130432668
0111121210121223
650260518
4604446257768
158378325253579
30600626246516331137
05254220553442136
1101134
32102103301133110024
1012
055017
221224
11211102220112013
05110156347
1565330367
01033230312000313134
5176533178
20321242322434125
13100434123430202345
1111011002022222013
22212678
21021111203031232114
2233423321000233115
31313212221034
011012
0035345216
01322316352157
31002021313110333314
222311310214
2584568527316112039
214567
1232024
77340607156874159
24242257
344201321546415167
41617
001110001200123
11110100100111111112
50348845017779
1112
03221233215
0022315
0022200213
101000000112
4201344516302700538
10112
131362553034532467
3130001123014
143213132421045
524514130256
10111100012
4424123534121036127
22201313300030230324
542033116
128476550549
5124530552203016
1314
100112
0800871032237400669
3022233223000110134
403412247
0426
323020304342033115
3234617
2431333041102212025
32411423410231344125
24346
0220233113024
567618
0301334
50011243005316
5221031142126
111100011101112
00112
110213
443347
4640357
7437145620889
3375563776102418
3350432254536
102112123
071828831233219
1211224
54432285679
2211336
10112
640716518
5712448
211130411343204045
2024502011412146
443251011356
141869
87419
0356
3606627
001000011000112
2023
00221210123
20002213
0302200302120224
2664505513807029
2221445
0011112
216071242538
30103410442425
11001212200123
11102024
30330232321014
0100000110101100012
2211013
105331046
02012212110212213
11777222578
1044007779
6321759
0133282380859
010112
22516
42250011043543332046
1322211003132035
1113
13351330421250456
3110301313124
131306435250423048
4346526347725765718
3301023114
23224
21122000002022123
74033506530478
6489
47528
0111011100012
15357757119
05530113445156
0121222113
22213
84208242641729
310222459
200234
37173648
0124222225
33023444114242101225
10010000011012
05141514516
0011000112
1111101111011112
02311014
13011310233001103234
1001110101111111112
13413225567
0202223
4402410110320220335
11000123
0202220221013
5500042201023211356
014034432230053056
430112301315
22001112122003214
605280189
731760225301658
05156038
42221344240303025
2611641431647
112200111122023
16750063316178
2424233115
121123322225
051430112346
1155445633630557
666651164004418
25103512260367
002202213
0010010100000001112
100112003212024
01001011000012
22013
1112123
100011120234
0000101112
01010012
1268
441332432115
211102023
20110210213
523403013122311126
660350520252251147
00012
7130525052358
3312131321100214
012023
3101112435
22041465126268
00420142215
1100012212111221223
44121131203120411125
13120232232134
000112032122132024
56457
5305246
0032043331262217
1314
0033863536776416339
32323310112101114
1243639
54278
31221321034
341478486477537439
422143230215
0023414404546
43136565562073128
4553241320226
74762603473278
100011010112
261232237
51047174558
32034425
4540111028
04531345567
6027622573416240138
444403431002000245
3005354336
0773357727179
5111031228
4244211001401404245
0133324
1421121101213115
32321112234
1863269
255135056
2336
7524359
1000000101101011112
000627318
11112
010110001100112
313213024
2101012023
2334516151648
012013
10110000000000010112
1113
731558
2013
01112
11667347578424639
542503120423544016
25311466346510153267
046622310234127
72704712601240383829
4412222331031025
146044654330002547
0308135730271269
24213357
6139
30324
55624373058
430143534230526
0111001112
2243434143412246
32156711549
1112
000000101001001012
1456311711644782169
001210023
1000021012222223
3010325
40103221320443312325
1576529
101102001220123
2000110102113
21533211216
211436
323200334
13434653785518719
541028
40443320300424112415
101101110111010112
53141010447
1212113
0000313301148
111001111010001112
220631465412227
10000101012
42410433401140400035
710579
47568
30000400433232015
454460511130078
00322212331113134
1718
335837618019
0102213
5461189
2334
024300245
66604323002564267
1223
213313130012221134
53163027439
422328
2531447
110221122120213
01100012
30234
21644670250058
04330321015
1010111112
17124718
